Bursa;(2. Yarýþ Günü);22/04/2011
1. Kosu 14:00;Maiden/DHÖW; 3 Yaþlý Araplar; 56.00kg; 800m; Çim
Ýkramiye;;;;Yetiþtirici Primi;;;
1.)18.500 TL;2.)7.400 TL;3.)3.700 TL;4.)1.850 TL;1.)4.625 TL;2.)1.850 TL;3.)925 TL;4.)463 TL
At No;At Ýsmi;Yaþ;Orijin(Baba);Orijin(Anne);Kilo;Jokey Adý;Sahip Adý;Antrenör Adý;HÇ;Derece;Ganyan;Fark
1;JALECAN KG K;3y k  d;YAÞARCIK;AFÝFEJALE;54,5 +0.80;M.S.BADIÞOÐLU;MAHMUT YARDIMCI;MAH.YARDIMCI;;0.52.85;2,55;2 Boy
2;SARPBEY KG;3y a  e;VARDAR;ALSABIKA;56 +0.20;Ý.H.KETME;SUPHÝ BAYDAN;ÖZER BAÞEL;;0.53.25;3,70;3,5 Boy
3;BÝRCANKAYA KG K DB;3y a  e;KOÞAYALP;ZEHRA.124;56 +0.80;Ö.KAYA;BEÞÝR KAYA;H.ARAN;;0.53.88;4,95;3,5 Boy
4;YUSUFKAYA;3y a  e;YILDIZAÐA;AYKAYA;56 +0.90;M.KAYA;MUSTAFA KAYA;M.SOYLU;;0.54.44;7,55;
5;KARADOÐAN KG DB;3y a  e;NEVZATBEY;ERENKIZ;56 +0.10;Ç.OK;KENAN ELALDI;K.ELALDI;;0.54.67;1,55;
6;ALADAR KG K;3y a  e;ANTEPLÝ;SATIGÜL;56 +1.40;U.BARLIK;AYHAN KASAR;H.ARAN;;0.54.92;40,35;
7;ERDEM HAN KG K DB;3y a  e;BAYKAN.1;DÝNARGÜZELÝ;56;S.ÇETÝN;ÞÜKRÜ ERDEM;M.ÇELTÝK;;0.55.27;9,95;
8;BEYNAMESÝ;3y k  d;YALEMOÐLU;REÞADÝYE;49,5;OKAN GÖKÇE AP;KAYA KAYA;M.SOYLU;;0.55.34;8,40;
9;ZERDEÇAL;3y a  d;BEYEFENDÝ;MÝLLA;49,5;Y.AKTAÞ AP;ZEKÝ KARATAÞ;H.ARAN;;0.55.68;26,15;
10;CUCÝ KG;3y k  e;TUNCAL;HAFÝYEM;56 +0.30;T.ÇUBUKÇU;H.TARIK DÝKENCÝK;H.T.DÝKENCÝK;;0.56.05;10,25;
11;BEYÞAKACI KG K;3y a  d;SERDARÞAH;SUKIZI;54,5;GÖKM.GÖKÇE;KAYA KAYA;M.SOYLU;;0.56.81;8,40;
[(8)BEYNAMESÝ,(9)BEYÞAKACI,ÝKÝLÝ(6/10) :7,75 TL, SIRALI ÝKÝLÝ(10/6) :15,30 TL, ÜÇLÜ BAHÝS(10/6/2) :8,76 TL, PLASE(10) :1,30 TL, PLASE(6) :1,40 TL, PLASE ÝKÝLÝ(2/10) :5,20 TL, PLASE ÝKÝLÝ(2/6) :5,30 TL, PLASE ÝKÝLÝ(6/10) :7,30 TL

2. Kosu 14:30;Handikap 15/DHÖW; 4 Yaþlý Araplar; kg; 1800m; Çim
Ýkramiye;;;;Yetiþtirici Primi;;;
1.)20.500 TL;2.)8.200 TL;3.)4.100 TL;4.)2.050 TL;1.)3.075 TL;2.)1.230 TL;3.)615 TL;4.)308 TL
At No;At Ýsmi;Yaþ;Orijin(Baba);Orijin(Anne);Kilo;Jokey Adý;Sahip Adý;Antrenör Adý;HÇ;Derece;Ganyan;Fark
1;ASÝLKAN KG DB;4y k  a;ANTEPLÝ;YÜKSELÝÞ;62,5;Ö.KAYA;REMAZAN KAYA;H.ARAN;64;2.09.54;2,95;2,5 Boy
2;NEDEN KG;4y k  a;YUSUFCAN;KÜÇÜKDÝLEK;56;Ý.DÝNAR AP;EKREM DÝLBER;MEH.ARSLAN;59;2.10.03;2,40;Baþ
3;ÜNGÜTBEY KG;4y k  a;DRUID (PL);MENCULE.42;58;E.KAÇAR AP;RUÞÝN UÐUR DEMÝR;ÖZER BAÞEL;65;2.10.05;6,15;Yarým Boy
4;LABADA KG SK;4y a  a;SAM-ABRASÝV;SABÝNA;53,5;D.YILDIZ;H.SEMÝH KOÇER;M.A.BÝROL;46;2.10.13;4,50;
5;IÞILILGAZ DB;4y k k;HABERBATUR;IÞILSU;53,5;M.GÜNÇALDI AP;ÝBRAHÝM ÇAK;B.AKKAYA;56;2.13.33;5,30;
6;AHLATLI KG K DB;4y k  a;GÜNDÜZYELÝ;KARADEREYELÝ;55 +0.10;M.GÜNDÜZELÝ;BESÝRE GÜNDÜZELÝ;SAB.ARSLAN;49;2.14.88;4,70;
7;CUNDA SK;4y a k;OKANER;MARMARAKIZI;54 +0.40;U.POLAT;ERHAN AKTAÞ;At Sahibi;47;2.18.01;4,40;
8;SHOOWGIRL DB SK;4y a k;ANADOLU ATEÞÝ;SHOOW;53 +0.50;T.ALICI;F. NÝHAT BURUK;B.AKKAYA;45;2.19.83;24,10;
9;KAYNAK KG DB;4y k k;HABERBATUR;BURCUM;51,5 +0.70;GÖKH.GÖKÇE;Ý.SUAT KUTLU;Ý.KIZILDAÐ;42;2.25.45;12,70;
10;GURGULA KG;4y a  a;ANADOLU ATEÞÝ;GÜLBÝKE;63;K.TOKAÇOÐLU;UFUK KARAN;A.AKBULUT;65;2.31.65;7,70;
ÝKÝLÝ(3/4) :4,05 TL, SIRALI ÝKÝLÝ(3/4) :10,20 TL, ÜÇLÜ BAHÝS(3/4/2) :4,32 TL, PLASE(3) :1,20 TL, PLASE(4) :1,10 TL, PLASE ÝKÝLÝ(2/3) :7,80 TL, PLASE ÝKÝLÝ(2/4) :4,00 TL, PLASE ÝKÝLÝ(3/4) :3,30 TL, 1. ÇÝFTE(10/3) :13,40 TL

3. Kosu 15:00;Maiden/DHÖW; 3 Yaþlý Araplar; 56.00kg; 800m; Çim
Ýkramiye;;;;Yetiþtirici Primi;;;
1.)18.500 TL;2.)7.400 TL;3.)3.700 TL;4.)1.850 TL;1.)4.625 TL;2.)1.850 TL;3.)925 TL;4.)463 TL
At No;At Ýsmi;Yaþ;Orijin(Baba);Orijin(Anne);Kilo;Jokey Adý;Sahip Adý;Antrenör Adý;HÇ;Derece;Ganyan;Fark
1;GÜNEYOÐLUM KG K;3y k  e;ERBEYÝM;BALLIHANIM;56 +0.30;O.ÖZTÜRK;VASIF GÜNEY;H.ARAN;;0.52.95;2,25;Yarým Boy
2;SÝNA KAPTAN KG;3y k  e;BAYKAN.1;SMYRNA;52;O.ÝNCE AP;ÞÜKRÜ ERDEM;M.ÇELTÝK;;0.53.04;1,95;4,5 Boy
3;BEKBAY KG K;3y d  e;ANTEPLÝ;SAFÝCAN;51;Y.AKTAÞ AP;AYHAN KASAR;H.ARAN;;0.54.00;20,80;3 Boy
4;SAPHAKAYA KG DB;3y k  d;YAVUZCA;SAPHA.33;54,5 +2.00;Ö.KAYA;MUSTAFA KAYA;H.ARAN;;0.54.45;7,55;
5;ASÝ ÇILDIR KG;3y k  e;HABERBATUR;GÜLÜM AKÞEHÝRLÝ;56;M.ÇARDAKLI;SELÝM ÇÝLDÝR;M.ÖCAL;;0.54.49;6,00;
6;AYPARE;3y k  d;HÝSARHAN;ZEHRA.123;54,5 +1.20;Ý.H.KETME;SUPHÝ BAYDAN;ÖZER BAÞEL;;0.54.52;4,25;
7;YAÐMUR RÜZGARI SKG;3y a  d;TATARCIK;ÞAHMERAN;54,5;Ç.OK;CEZMÝ ARTIK;T.KIYAS;;0.55.34;3,25;
8;BUSELÝ KG;3y a  d;ATAK;IÞIN;54,5 +2.00;K.TOKAÇOÐLU;ÜNAL KAVÇÝN;MEH.ARSLAN;;0.55.63;7,45;
9;BOZYAZI;3y k  e;BÝLGÝN;KEMÝYETÜLIRAK.59;56;GÖKM.GÖKÇE;ÜNAL KAVÇÝN;MEH.ARSLAN;;0.55.64;7,45;
10;BERÝL HANIM KG;3y a  d;TOÞUR;SEYFÝYE;54,5 +0.20;M.GÜNÇALDI;MUSTAFA KAVÇÝN;MEH.ARSLAN;;0.59.24;25,90;
11;VEZÝR KG;3y k  e;BAYKAN.1;ALÝZE;56;S.ÖZEN;UFUK KARAN;A.AKBULUT;;Koþmaz;;
[(9)BUSELÝ,(3)BOZYAZI,ÝKÝLÝ(4/5) :2,90 TL, SIRALI ÝKÝLÝ(4/5) :5,00 TL, ÜÇLÜ BAHÝS(4/5/2) :13,39 TL Çýkan 1 Atla: 0,29 TL, PLASE(5) :1,05 TL, PLASE(4) :1,05 TL, PLASE ÝKÝLÝ(2/4) :32,50 TL, PLASE ÝKÝLÝ(2/5) :24,40 TL, PLASE ÝKÝLÝ(4/5) :3,30 TL, 2. ÇÝFTE(3/4) :10,30 TL, 1.ÜÇLÜ GANYAN(10/3/4) :1,78 TL

4. Kosu 15:30;ÞARTLI 5/DHÖW; 4 ve Yukarý Araplar; 58.00kg; 60.00 kg; 1400m; Kum
Ýkramiye;;;;Yetiþtirici Primi;;;
1.)25.500 TL;2.)10.200 TL;3.)5.100 TL;4.)2.550 TL;1.)3.825 TL;2.)1.530 TL;3.)765 TL;4.)383 TL
At No;At Ýsmi;Yaþ;Orijin(Baba);Orijin(Anne);Kilo;Jokey Adý;Sahip Adý;Antrenör Adý;HK;Derece;Ganyan;Fark
1;PEKKAN;7y k  a;KAN CAN SAN;GUFRE.53;56;F.VURUCU AP;TUNCAY YAVUZ;O.AKTAÞ;101;1.36.73;1,95;1 Boy
2;KEBÝRHAN;5y k  a;TUNCAL;KEBÝRGÜZELÝ;58;Ç.OK;SEVGÝ TÜRKMEN;H.T.DÝKENCÝK;77;1.36.92;8,50;Yarým Boy
3;ÇETÝNTÜRK KG K DB;5y a  a;SÜLO;ALMÝMRUHÝYE.25;57;M.KAYA;REMAZAN KAYA;H.ARAN;97;1.37.00;2,80;Uzak
4;ZULUTHANIM KG K;6y a k;BOZDAÐ;NAZEY;54,5;T.ALICI;MUSTAFA TUMBUL;H.ARAN;59;1.38.38;18,95;
5;MERT MELÝH KG DB;9y k  a;BEYAZ MARTI;AYDAN;60;F.ÇAKAR;A.BESÝM BALIK;M.ÇAM;102;1.39.65;1,80;
6;ÖZÜMYÝÐÝT;5y k  a;BEYEFENDÝ;ÖZÜMKIZ;56;SELÝM ÝPEK;KERÝM ATLI;Ö.DÝNÇ;57;1.40.30;39,45;
7;KATRANCI SKG SK;5y a  a;HÝSARHAN;CAHÝDE.74;56 +0.60;Ö.KAYA;REMAZAN KAYA;H.ARAN;85;1.41.92;2,80;
8;DELÝCE;6y a  a;YELHAN;ZAFÝRE.17;56;D.YILDIZ;M.ENGÝN SEZEN;KEM.DEMÝR;73;1.42.19;10,80;
9;AYÞÝN KG K;6y k k;BÝLGÝN;NECME.40;56,5;M.GÜNDÜZELÝ;TANER DEMÝRBAÞ;B.AKKAYA;82;1.42.65;6,65;
10;KARAHANLI KG DB;7y a  a;ODÝNHAN;KÜÇÜKMATRA.1;56 +0.90;K.TOKAÇOÐLU;REÞÝT BUDULÐAN;R.AYDIN;76;1.45.28;6,50;
[(4)ÇETÝNTÜRK,(8)KATRANCI,3. ÇÝFTE(4/2) :5,75 TL

5. Kosu 16:00;Handikap 13/TR; 3 Yaþlý Ýngilizler; kg; 1700m; Çim
Ýkramiye;;;;Yetiþtirici Primi;;;
1.)12.000 TL;2.)4.800 TL;3.)2.400 TL;4.)1.200 TL;1.) TL;2.) TL;3.) TL;4.) TL
At No;At Ýsmi;Yaþ;Orijin(Baba);Orijin(Anne);Kilo;Jokey Adý;Sahip Adý;Antrenör Adý;HÇ;Derece;Ganyan;Fark
1;BAHACANBEY KG DB;3y d  e;BARBAR;ÇALGÜZELÝ;54;M.GÜNÇALDI AP;SALÝH KUT;B.AKKAYA;47;1.52.27;11,95;1,5  Boy
2;ELENAY KG K;3y d  d;LAHIB (USA);ERITH`S CHILL WIND (GB);57,5;Ç.OK;ERHAN ÖZKAN;D.TEKELÝ;44;1.52.49;12,40;1,5  Boy
3;ROSE OF THE BOSS;3y d  d;TOBOUGG (IRE);THUMAMAH (IRE);56;Ý.DÝNAR AP;SERDAL ADALI;S.ÖZÖLKE;49;1.52.72;2,65;Baþ
4;MERCANKIZ KG K DB;3y k  d;OCEAN CREST (USA);SAM LAND (GB);56,5;SELÝM ÝPEK;RAMAZAN KAYALIK;K.KAYALIK;42;1.52.75;4,85;
5;RED CAPE;3y d  d;CAPERENA;RED SPRING;55 +2.00;NEJDET ALTIN;MURAT ALTIN;S.AKCI;39;1.53.13;77,95;
6;DEADLIST ACTION KG DB SK;3y d  e;UNACCOUNTED FOR (USA);TÝRAJE;53 +2.00;S.ÖZEN;UFUK KARAN;A.AKBULUT;35;1.53.16;7,10;
7;ROYALROCK KG;3y d  e;KURTARAN (IRE);MANY MOON (IRE);59,5;M.KAYA;MUSTAFA KAYA;M.SOYLU;48;1.53.20;9,40;
8;LADY SPEED KG;3y d  d;HIZEL BEYÝ;LADY MIRAGE;53,5 +2.00;Ý.YAKUT;KADRÝ DAÞKAN;D.TEKELÝ;36;1.53.36;47,00;
9;SOLDIER GIRL DB SKG SK;3y a  d;HÜNKARIM;FIVE DIAMONDS (GER);55,5;O.ÝNCE AP;GÜRCAN GÜNGÖR;G.GÜNGÖR;48;1.53.72;8,85;
10;GOLDEN EAGLE KG K DB;3y d  e;EAGLE EYED (USA);GÜLCE;54,5 +1.20;Ý.H.KETME;TANER DEMÝRBAÞ;SAB.ARSLAN;38;1.54.90;12,75;
11;BÝZÝM SAPANCALI DB SK;3y d  d;BÝZÝM AYANCIKLI (IRE);PETAY;59;D.YILDIZ;CEZMÝ DAY;G.HALKATAÞ;47;1.55.71;18,15;
12;NAGANT KG;3y d  e;BIN AJWAAD (IRE);AZUCAR MORENO;59 +0.20;K.TOKAÇOÐLU;TURAN ÇÝÇEK;G.HALKATAÞ;47;1.56.73;3,65;
13;LUCKY HENPECKED DB;3y d  e;WEST BY WEST (USA);BELLE ROSE (HUN);58;T.ALICI;H.ÝBRAHÝM BOZKURT;M.ÖCAL;45;1.57.78;4,85;
14;QUEEN OF FORTUNE;3y a  d;FREE MAN;LOVELY LOUISA (IRE);50 +2.00;GÖKH.GÖKÇE;Ý.SUAT KUTLU;Ý.KIZILDAÐ;14;1.58.45;34,30;
15;READY TO RUN DB;3y a  e;DÝNYEPER (GB);ATIPHA;59,5;S.ÇETÝN;ABDURAHMAN ÞÝÞMANOÐLU;G.HALKATAÞ;48;1.58.96;11,90;
16;ARBALAM KG;3y d  d;ARSEN;ARÝSER;55 +1.40;O.ÖZTÜRK;Ý.KAZIM KASTAR;R.AYDIN;39;1.59.03;22,25;
17;USAGARA SKG SK;3y a  e;ÇELÝKMERT;FATMAANA;54,5;H.ALTIN AP;RAMAZAN KAYALIK;K.KAYALIK;48;2.00.08;4,85;
18;GOLDEN ANGEL K DB;3y a  d;MOUNTAIN CAT (USA);ATRAXION (USA);55,5 +0.10;U.POLAT;SERKAN TUÐDAÞ;T.PELEN;40;2.03.30;15,10;
19;GIRL OF FARMER KG K;3y d  d;AJMERA (GB);MISS CANAN;57;F.AVCI;YAVUZ ÇÝFTÇÝ;S.AKCI;43;Derecesiz;33,60;
20;TOLÝKOPA KG K;3y d  e;GRAND EKINOKS;LILI MARLEN;54,5;M.GÜNDÜZELÝ;M.TAÞKIN KÖROÐLU;SAB.ARSLAN;38;Koþmaz;;
[(12)MERCANKIZ,(5)USAGARA,ÝKÝLÝ(6/10) :133,25 TL, SIRALI ÝKÝLÝ(6/10) :251,60 TL, PLASE(10) :10,45 TL, PLASE(6) :7,35 TL, PLASE ÝKÝLÝ(6/10) :67,70 TL, PLASE ÝKÝLÝ(2/6) :22,10 TL, PLASE ÝKÝLÝ(2/10) :30,90 TL, TABELA BAHÝS(6/10/2/12) :1.093,50 TL Çýkan 1 Atla: 10,79 TL, TABELA BAHÝS SIRASIZ(6/10/2/12) :21,59 TL

6. Kosu 16:30;KV-6; 4 ve Yukarý Ýngilizler; 58.00kg; 59.00 kg; 1400m; Çim
Ýkramiye;;;;Yetiþtirici Primi;;;
1.)32.500 TL;2.)13.000 TL;3.)6.500 TL;4.)3.250 TL;1.)6.500 TL;2.)2.600 TL;3.)1.300 TL;4.)650 TL
At No;At Ýsmi;Yaþ;Orijin(Baba);Orijin(Anne);Kilo;Jokey Adý;Sahip Adý;Antrenör Adý;HÇ;Derece;Ganyan;Fark
1;ÝZMÝT BEYÝ K DB;5y d  a;TAÞKIN;LÝDERHANIM;55 +0.30;U.POLAT;MAHMUT BAGUÇ;S.KOYUNCU;87;1.27.27;11,10;Yarým Boy
2;TUGY KG K DB;6y d  a;MANÝLA (USA);FREE SPIRIT;55 +0.80;E.YAVUZ;ÞÜKRÜ KEKLÝKOÐLU;A.ÖCAL;103;1.27.34;1,05;1,5  Boy
3;SALÝMCAN K;4y d  a;FLYING BOY (IRE);GARBAGNA (IRE);58;M.GÜNDÜZELÝ;ÖZLEM ÇELÝK;M.ÖCAL;97;1.27.55;6,10;Yarým Boy
4;ÖMER TURGAY;4y d  a;ALABOY;BÝZÝM BEBEK;54 +0.30;F.VURUCU;NURÝ YILDIZ;S.AYDEMÝR;54;1.27.64;19,35;
5;BELLA MIA K;5y a k;OCEAN CREST (USA);GAY PETIT;54,5;GÖKH.GÖKÇE;HAKAN S.ÖZCAN;S.BEKTAÞ;84;1.27.96;3,20;
6;MY TURN DB;5y d  a;DISTANT RELATIVE (IRE);BUSECÝK (GB);56;T.ALICI;ÞENAY SÜNNETÇÝ;B.AKKAYA;56;1.28.54;17,85;
7;BLACK BISHOP DB;5y d  a;RED BISHOP (USA);SUMMERY (IRE);55;Ý.DÝNAR;ÖZEN ADALI;S.ÖZÖLKE;50;1.28.72;13,80;
8;UNDISPUTED K;4y d k;FLYING BOY (IRE);FAST SPARTAN (USA);52,5 +0.30;D.MALATYALI;ÖZLEM ÇELÝK;M.ÖCAL;69;1.29.37;6,10;
9;STOP STOPPING ME KG K DB;4y d  a;UNACCOUNTED FOR (USA);SILVERINE (USA);54 +0.20;O.ÝNCE;SERDAL ADALI;S.ÖZÖLKE;48;1.31.23;13,80;
10;POZITRON KG K;6y d  a;MY VOLGA BOATMAN (USA);PRIMELTA (GB);55;Ç.OK;YILMAZ BAKIR;M.ÖCAL;54;1.31.42;26,55;
11;DESERT WIND DB;4y d  a;RIVER SPECIAL (USA);VOLÜPTAS (IRE);58;Ö.KAYA;FÝKRET VATANSEVER;Ç.ÖZDÝL;90;1.31.43;22,50;
12;KID CHARLEMAGNE DB SKG SK;4y d  a;COMMON GROUNDS (GB);SIENA;54 +0.30;Y.PÝLAVCILAR;MEHMET BAYDAN;H.ARAN;46;1.31.55;47,05;
13;GREEN RIVER KG DB;8y d  a;DISTANT RELATIVE (IRE);RIVER JEF (USA);55 +0.10;S.ÇETÝN;BÜLENT BENZER;M.ÇELTÝK;79;1.32.54;19,90;
14;TUHU AMCA DB;4y a  a;YILDIRIMAY;RONIN;54;SELÝM ÝPEK;NECDET ÖZBEK;M.ÖCAL;46;1.32.82;33,40;
15;ZAFER YOLU DB;8y d  a;OCEAN CREST (USA);BÝRÝÇÝM;55;Þ.AKDUMAN;KAHRAMAN YILDIRIM;K.YILDIRIM;61;1.33.87;23,00;
16;MISS KARAKÖSE DB;6y d k;ROYAL ABJAR (USA);JAW DROP;58,5 +0.10;K.TOKAÇOÐLU;SELÇUK ARINIK;H.ARAN;94;1.34.25;9,30;
[(2)SALÝMCAN,(12)UNDISPUTED,[(5)BLACK BISHOP,(14)STOP STOPPING ME,ÝKÝLÝ(7/8) :7,55 TL, SIRALI ÝKÝLÝ(7/8) :42,00 TL, PLASE(8) :1,05 TL, PLASE(7) :1,05 TL, PLASE ÝKÝLÝ(2/7) :30,80 TL, PLASE ÝKÝLÝ(2/8) :10,10 TL, PLASE ÝKÝLÝ(7/8) :5,40 TL, TABELA BAHÝS(7/8/2/10) :343,14 TL, TABELA BAHÝS SIRASIZ(7/8/2/10) :5,24 TL, 4. ÇÝFTE(6/7) :256,75 TL

7. Kosu 17:00;Maiden/DHÖW; 3 Yaþlý Araplar; 56.00kg; 800m; Çim
Ýkramiye;;;;Yetiþtirici Primi;;;
1.)18.500 TL;2.)7.400 TL;3.)3.700 TL;4.)1.850 TL;1.)4.625 TL;2.)1.850 TL;3.)925 TL;4.)463 TL
At No;At Ýsmi;Yaþ;Orijin(Baba);Orijin(Anne);Kilo;Jokey Adý;Sahip Adý;Antrenör Adý;HÇ;Derece;Ganyan;Fark
1;KRALBABA;3y k  e;TATARCIK;RÜZGARYOLU;56;Ý.H.KETME;M.ALÝ ÖZKAN;MAH.YARDIMCI;;0.52.22;1,30;Uzak
2;KUMKUMKIZI KG SK;3y k  d;GOBAKBEY;KUM-KUM;54,5 +0.10;M.GÜNDÜZELÝ;EKREM DÝLBER;MEH.ARSLAN;;0.53.42;3,90;Yarým Boy
3;PEÇELÝ GÜZELÝ KG;3y k  d;BERKOÞHAN;PEÇELÝ;54,5;Ç.OK;Ý.HALÝL DOÐAN;M.SOYLU;;0.53.53;7,65;1 Boy
4;ALÝ DAYI KG K;3y k  e;BAYDAR;GÜRAYCAN;51;M.GÜNÇALDI AP;MUSTAFA KAVÇÝN;MEH.ARSLAN;;0.53.71;26,75;
5;YERKÖYLÜ KG K DB;3y a  d;YAVUZCA;MENCULE.58;49,5;AH.ARSLAN AP;Ý.HALÝL DEMÝR;H.ARAN;;0.54.03;2,75;
6;EKREMCAN KG;3y a  e;DEVÝRHAN;FANNY DE CARRERA (FR);56;T.ALICI;AHMET TURAN;Y.AKDAÞ;;0.54.34;4,55;
7;EZO KG K;3y d  d;GÖKTULUY;NUR;50,5;D.MALATYALI AP;Ý.HALÝL DEMÝR;H.ARAN;;0.54.41;2,75;
8;ARAPKIR KG;3y d  e;KOÞAYALP;KAVÇÝNAY;52;U.POLAT AP;MÜCAHÝT YILDIZHAN;A.AKBULUT;;0.54.71;8,20;
9;BEYSULTAN KG K DB;3y a  e;PAÞAM;BAÞAKSULTAN;56 +0.70;M.KAYA;Ý.HALÝL DEMÝR;H.ARAN;;0.55.03;2,75;
10;KAVÇIN AL KG DB;3y d  e;TOÞUR;ÞAZÝYE;56 +1.00;K.TOKAÇOÐLU;ERHAN KAVÇÝN;MEH.ARSLAN;;0.55.19;13,65;
11;GÖNLÜGÜZEL KG K DB;3y k  d;ODÝNHAN;ÞÖHRET;54,5;GÖKH.GÖKÇE;MURAT KAPLAN;D.TEKELÝ;;0.58.54;21,15;
[(11)YERKÖYLÜ,(7)EZO,(3)BEYSULTAN,ÝKÝLÝ(6/9) :2,75 TL, SIRALI ÝKÝLÝ(6/9) :3,05 TL, ÜÇLÜ BAHÝS(6/9/10) :1,02 TL, PLASE(6) :1,05 TL, PLASE(9) :1,05 TL, PLASE ÝKÝLÝ(9/10) :4,90 TL, PLASE ÝKÝLÝ(6/9) :2,60 TL, PLASE ÝKÝLÝ(6/10) :6,10 TL, 5. ÇÝFTE(7/6) :24,85 TL

8. Kosu 17:30;Handikap 16/DHÖW; 4 ve Yukarý Araplar; kg; 1200m; Çim
Ýkramiye;;;;Yetiþtirici Primi;;;
1.)25.500 TL;2.)10.200 TL;3.)5.100 TL;4.)2.550 TL;1.)3.825 TL;2.)1.530 TL;3.)765 TL;4.)383 TL
At No;At Ýsmi;Yaþ;Orijin(Baba);Orijin(Anne);Kilo;Jokey Adý;Sahip Adý;Antrenör Adý;HÇ;Derece;Ganyan;Fark
1;HEPYENER KG DB;5y a  a;HÝRATASAN;IÞILTI;52,5;Ý.DÝNAR;SEYHAN DÝLBER;MEH.ARSLAN;63;1.21.49;11,20;Burun
2;BAYKUT KG;7y a  a;SERGEN;CAHÝDE.77;60;E.YAVUZ;MERAL ÇELÝK;Ö.DÝNÇ;78;1.21.51;2,05;1 Boy
3;IÞINSOY KG DB;6y d k;BÝLGÝN;NECME.35;57 +0.20;K.TOKAÇOÐLU;BÜLENT MOLLAOÐLU;NAF.YILMAZ;72;1.21.65;4,70;2 Boy
4;YALDIZ;7y k k;DON JUAN;RODE.24;56,5;OÐUZ EREN AP;ÖZGÜR RABU;D.TEKELÝ;81;1.22.00;12,05;
5;ERGÖKÇE KG;10y d  a;TIGRES LIGHT (US);CAHÝDE.76;59;U.POLAT AP;MEHMET GENÇ;AT.GÖKÇE;84;1.22.15;8,00;
6;AKBARAN KG;4y k  a;SERGEN;BEDESTEN;55;Ç.OK;RUHÝ ÖZYÝÐÝT;H.ARAN;71;1.22.24;7,60;
7;ÞEVALKIZI KG K DB;6y k k;NOKTABATUR;ÞEBBABNAZ;56;Ý.H.KETME;ABDULLAH AVCI;V.S.METEL;70;1.23.05;9,25;
8;SUZÝRA KG;6y a k;KOBRA;SUZÝ;60,5;Ö.KAYA;SELMAN ERDEMÝRCÝ;H.KAYAÞ;79;1.23.80;5,85;
9;AÐARÝÞVAN DB;8y a  a;RÝKARDO;ÜLFET;50 +0.10;S.TIRPAN;HASAN ÖCAL;O.ÖZAKDAÐ;47;1.24.07;37,40;
10;KANBAYKAN KG K;5y a k;MAVÝ TUNA;HANIMAÐA.1;50 +1.80;E.ÖZKAN;ERCAN BAYRAM;V.S.METEL;47;1.24.10;57,30;
11;BALABERK KG;6y a  a;DEMÝRKIR;AYBALAM;54,5 +0.10;M.GÜNDÜZELÝ;ZAFER TANYÝÐÝT;N.YILDIRIM;67;1.24.56;5,30;
12;GOLDEN HEAD KG K;6y k  a;RÝKARDO;SUSKUN;50 +2.00;SELÝM ÝPEK;ÖZCAN MATYAR;D.TEKELÝ;55;1.24.69;8,40;
13;GÖNLÜFERAH KG K DB;5y k k;BAYKAN.1;ELÝFÇE;51 +2.00;T.ALICI;GÜRHAN AKBAÞ;R.AYDIN;60;1.26.94;29,90;
14;KERKENEZKIZI KG K DB;5y a k;YALAZ;COÞKULU KIZ;50 +1.90;O.ÝNCE;MUZAFFER ÝÞÝNÝBÝLÝR;D.TEKELÝ;49;1.30.40;32,05;
15;ALTINBEBEK KG;5y a k;EMÝROÐLU;ALTINARMAÐAN;51 +1.90;D.YILDIZ;M.ERDÝNÇ DÜZARAT;HAY.YILDIRIM;60;1.33.16;10,15;
16;SENNU KG K;4y k k;DEMÝRKIR;MESRURE.56;56,5;GÖKH.GÖKÇE;M.BÜLENT OKTAR;A.ÞIVGIN;74;1.46.34;12,30;
ÝKÝLÝ(4/10) :16,65 TL, SIRALI ÝKÝLÝ(10/4) :41,00 TL, PLASE(10) :2,10 TL, PLASE(4) :1,50 TL, PLASE ÝKÝLÝ(4/10) :17,90 TL, PLASE ÝKÝLÝ(5/10) :20,10 TL, PLASE ÝKÝLÝ(4/5) :8,70 TL, TABELA BAHÝS(10/4/5/2) :201,90 TL, TABELA BAHÝS SIRASIZ(10/4/5/2) :4,69 TL, 6. ÇÝFTE(6/10) :13,55 TL

9. Kosu 18:00;Handikap 14/Diþi; 4 ve Yukarý Ýngilizler; kg; 1700m; Çim
Ýkramiye;;;;Yetiþtirici Primi;;;
1.)16.500 TL;2.)6.600 TL;3.)3.300 TL;4.)1.650 TL;1.) TL;2.) TL;3.) TL;4.) TL
At No;At Ýsmi;Yaþ;Orijin(Baba);Orijin(Anne);Kilo;Jokey Adý;Sahip Adý;Antrenör Adý;HÇ;Derece;Ganyan;Fark
1;DANEHILLS GIRL;4y a k;MEDYA;DANEHILLMARK (IRE);50 +2.00;GÖKH.GÖKÇE;MEHMET ALTUNKILIÇ;G.HALKATAÞ;39;1.49.11;64,60;Boyun
2;DOCTORS DANCER DB SK;5y d k;BIN AJWAAD (IRE);MISS SALSA DANCER (GB);58;H.ALTIN AP;SELÇUK ARINIK;H.ARAN;62;1.49.17;2,45;3 Boy
3;NÝDASU KG K DB;5y d k;ENGÝNHAN;NOVENTA Y NUEVE (SPA);50 +1.50;E.EFE;ABDULLAH AVCI;H.KAYAÞ;35;1.49.67;16,90;Boyun
4;MAVÝMSÝ DB SK;4y k k;DEVECÝ FARUK;GÜZEL VE CESUR;58;REC.ÖZÞAHÝN AP;ERHAN ALVEROÐLU;S.KOYUNCU;65;1.49.72;9,05;
5;BEYONCE KG DB;5y d k;BAHAMIAN BOUNTY (GB);RABIUSA (IRE);52 +0.50;O.ÝNCE;SERDAL ADALI;S.ÖZÖLKE;40;1.49.98;6,05;
6;NO COMMENT K;4y a k;THUNDER BOLT I;LADY OF THE SEA (IRE);54,5;K.AYKUL AP;MEHMET KURT;T.KIYAS;58;1.50.33;4,40;
7;BYE BYE BABY DB;4y d k;SRI PEKAN (USA);VOLEANO;51,5;Ý.DÝNAR AP;VURAL C. ÇAKIM;S.ÖZÖLKE;50;1.50.39;12,90;
8;MEDVÝNA KG;4y a k;TRAPPER;WILD FIRE;52,5 +0.50;D.YILDIZ;TARIK AYDIN;T.GÜLÝDE;44;1.50.41;6,20;
9;HOP COMAS K DB;7y a k;GEORGE THOMAS;TOP HONOR;54,5;U.POLAT;SÝNAN GÜNEY;NAF.YILMAZ;45;1.50.57;6,90;
10;VICTORIOUS K DB;4y a k;TURAÇ (IRE);UÇANGÜZEL;50 +1.80;OÐUZ EREN;ALÝ ARÝNÇ;R.ARÝNÇ;35;1.50.59;105,15;
11;TÝJÝN KG;4y d k;ALWAYS A CLASSIC (CAN);BZIYA;50,5 +1.50;SELÝM ÝPEK;SEMRA ATAN;E.PAPAÐAN;40;1.50.79;22,40;
12;GOLD MARIA KG K DB;4y d k;STRIKE THE GOLD (USA);AVE MARIA;55,5 +0.20;M.GÜNDÜZELÝ;BESÝRE GÜNDÜZELÝ;SAB.ARSLAN;50;1.52.03;7,65;
13;CREST KG DB;4y d k;OCEAN CREST (USA);CAGENE (FR);51,5 +1.70;T.ALICI;ALÝ M.DÝNÇSOY;D.TEKELÝ;42;1.53.93;17,10;
14;BEFORE ME KG K;4y d k;BIN AJWAAD (IRE);FOLLOW ME;54,5 +2.00;O.ÖZTÜRK;N.YÜCEL KÖYLÜ;K.KÖYLÜ;48;1.53.95;41,40;
15;ÝLLEDE MOHÝ;4y a k;OLD BOND;MOHÝ;50,5 +1.70;D.MALATYALI;TAHSÝN HIZEL;D.TEKELÝ;40;1.54.40;64,35;
16;NAÝDE SULTAN KG K DB;4y d k;EKINOKS GULCH (USA);LADY ANGELA;50;S.TIRPAN;ZÝYA TÖGE;Z.AYDOÐDÝ;14;1.56.40;67,10;
17;MY HONEY KG K;4y a k;DÝNYEPER (GB);BEÞÝKTAÞ DOSTU;47,5;Y.PÝLAVCILAR AP;V. HALÝL TUNCER;B.AKKAYA;44;1.56.52;6,85;
18;KIZIL SONYA K DB;6y d k;RIVER SPECIAL (USA);RIVER JEF (USA);61,5;Ý.H.KETME;ÝLKER YILDIRIM;Ö.ÖZTÜRK;59;1.57.68;7,50;
19;MAGIC SPELL;4y a k;MEDYA;FAERIE FIRE;46;RID.KAYA AP;EROL TARCAN;HÜS.DEMÝRKIRAN;37;2.01.33;16,35;
20;CORALIA SK;4y d k;MOUNTAIN CAT (USA);EVA;50;GÖKH.GÖKÇE;MURAT KADAÝFÇÝOÐLU;A.ÞIVGIN;37;Koþmaz;;
ALTILI GANYAN(2/6/7/6/10/15) :205.435,77 TL, BEÞLÝ GANYAN(6/7/6/10/15) :39.051,40 TL, DÖRTLÜ GANYAN(7/6/10/15) :2.608,50 TL, ÝKÝLÝ(2/15) :212,40 TL, SIRALI ÝKÝLÝ(15/2) :696,65 TL, PLASE(2) :2,45 TL, PLASE(15) :12,30 TL, PLASE ÝKÝLÝ(2/20) :32,90 TL, PLASE ÝKÝLÝ(2/15) :184,40 TL, PLASE ÝKÝLÝ(15/20) :330,40 TL, TABELA BAHÝS(15/2/20/1) :13.662,32 TL, TABELA BAHÝS SIRASIZ(15/2/20/1) :211,63 TL, 7. ÇÝFTE(10/15) :457,10 TL, YEDÝLÝ PLASE(4,5,6/2,3/6,10/7,8/6,9/4,10/2,15,17) :37,42 TL, 2.ÜÇLÜ GANYAN(6/10/15) :106,41 TL
6'lý Ganyan’da daðýtýlacak tutar 1.232.583,00 TL dir

